time,event,event_type,process,device,ready_queue,wait_queue,cpus,ios
13,1 added to ready queue,enqueue,1,,['1'],[],[None],[None]
13,1 dispatched to CPU0,dispatch_cpu,1,CPU0,[],[],['1'],[None]
15,1 finished CPU0 → wait queue,cpu_to_io,1,CPU0,[],['1'],[None],[None]
15,1 dispatched to IO0,dispatch_io,1,IO0,[],[],[None],['1']
17,2 added to ready queue,enqueue,2,,['2'],[],[None],['1']
17,2 dispatched to CPU0,dispatch_cpu,2,CPU0,[],[],['2'],['1']
18,3 added to ready queue,enqueue,3,,['3'],[],['2'],['1']
18,2 preempted CPU0 → ready queue,cpu_to_ready,2,CPU0,"['3', '2']",[],['2'],['1']
18,3 preempt ready queue → CPU0,ready_to_cpu,3,CPU0,['2'],[],['3'],['1']
19,4 added to ready queue,enqueue,4,,"['2', '4']",[],['3'],['1']
20,3 finished CPU0 → ready queue,cpu_to_ready,3,CPU0,"['3', '2', '4']",[],[None],['1']
20,3 dispatched to CPU0,dispatch_cpu,3,CPU0,"['2', '4']",[],['3'],['1']
22,1 finished I/O → ready queue,io_to_ready,1,IO0,"['1', '2', '4']",[],['3'],[None]
23,3 finished CPU0 → ready queue,cpu_to_ready,3,CPU0,"['1', '2', '3', '4']",[],[None],[None]
23,1 dispatched to CPU0,dispatch_cpu,1,CPU0,"['2', '3', '4']",[],['1'],[None]
27,1 finished CPU0 → wait queue,cpu_to_io,1,CPU0,"['2', '3', '4']",['1'],[None],[None]
27,2 dispatched to CPU0,dispatch_cpu,2,CPU0,"['3', '4']",['1'],['2'],[None]
27,1 dispatched to IO0,dispatch_io,1,IO0,"['3', '4']",[],['2'],['1']
30,1 finished I/O → ready queue,io_to_ready,1,IO0,"['3', '4', '1']",[],['2'],[None]
31,2 finished CPU0 → wait queue,cpu_to_io,2,CPU0,"['3', '4', '1']",['2'],[None],[None]
31,3 dispatched to CPU0,dispatch_cpu,3,CPU0,"['4', '1']",['2'],['3'],[None]
31,2 dispatched to IO0,dispatch_io,2,IO0,"['4', '1']",[],['3'],['2']
33,5 added to ready queue,enqueue,5,,"['5', '4', '1']",[],['3'],['2']
35,3 finished CPU0 → ready queue,cpu_to_ready,3,CPU0,"['5', '3', '4', '1']",[],[None],['2']
35,5 dispatched to CPU0,dispatch_cpu,5,CPU0,"['3', '4', '1']",[],['5'],['2']
38,5 finished CPU0 → ready queue,cpu_to_ready,5,CPU0,"['3', '4', '1', '5']",[],[None],['2']
38,2 finished I/O → ready queue,io_to_ready,2,IO0,"['2', '3', '4', '1', '5']",[],[None],[None]
38,2 dispatched to CPU0,dispatch_cpu,2,CPU0,"['3', '4', '1', '5']",[],['2'],[None]
42,2 finished CPU0 → ready queue,cpu_to_ready,2,CPU0,"['2', '3', '4', '1', '5']",[],[None],[None]
42,2 dispatched to CPU0,dispatch_cpu,2,CPU0,"['3', '4', '1', '5']",[],['2'],[None]
45,2 finished CPU0 → wait queue,cpu_to_io,2,CPU0,"['3', '4', '1', '5']",['2'],[None],[None]
45,3 dispatched to CPU0,dispatch_cpu,3,CPU0,"['4', '1', '5']",['2'],['3'],[None]
45,2 dispatched to IO0,dispatch_io,2,IO0,"['4', '1', '5']",[],['3'],['2']
47,6 added to ready queue,enqueue,6,,"['6', '4', '1', '5']",[],['3'],['2']
48,7 added to ready queue,enqueue,7,,"['6', '4', '7', '1', '5']",[],['3'],['2']
49,3 finished CPU0 → wait queue,cpu_to_io,3,CPU0,"['6', '4', '7', '1', '5']",['3'],[None],['2']
49,6 dispatched to CPU0,dispatch_cpu,6,CPU0,"['4', '7', '1', '5']",['3'],['6'],['2']
52,6 finished CPU0 → wait queue,cpu_to_io,6,CPU0,"['4', '7', '1', '5']","['3', '6']",[None],['2']
52,2 finished I/O → ready queue,io_to_ready,2,IO0,"['2', '4', '7', '1', '5']","['3', '6']",[None],[None]
52,2 dispatched to CPU0,dispatch_cpu,2,CPU0,"['4', '7', '1', '5']","['3', '6']",['2'],[None]
52,3 dispatched to IO0,dispatch_io,3,IO0,"['4', '7', '1', '5']",['6'],['2'],['3']
55,8 added to ready queue,enqueue,8,,"['4', '7', '1', '8', '5']",['6'],['2'],['3']
55,3 finished I/O → ready queue,io_to_ready,3,IO0,"['3', '4', '7', '1', '8', '5']",['6'],['2'],[None]
55,6 dispatched to IO0,dispatch_io,6,IO0,"['3', '4', '7', '1', '8', '5']",[],['2'],['6']
56,2 finished CPU0 → wait queue,cpu_to_io,2,CPU0,"['3', '4', '7', '1', '8', '5']",['2'],[None],['6']
56,3 dispatched to CPU0,dispatch_cpu,3,CPU0,"['4', '7', '1', '8', '5']",['2'],['3'],['6']
60,3 finished CPU0 → wait queue,cpu_to_io,3,CPU0,"['4', '7', '1', '8', '5']","['2', '3']",[None],['6']
60,4 dispatched to CPU0,dispatch_cpu,4,CPU0,"['7', '1', '8', '5']","['2', '3']",['4'],['6']
61,6 finished I/O → ready queue,io_to_ready,6,IO0,"['7', '1', '6', '8', '5']","['2', '3']",['4'],[None]
61,2 dispatched to IO0,dispatch_io,2,IO0,"['7', '1', '6', '8', '5']",['3'],['4'],['2']
62,9 added to ready queue,enqueue,9,,"['9', '7', '1', '6', '8', '5']",['3'],['4'],['2']
64,4 finished CPU0 → ready queue,cpu_to_ready,4,CPU0,"['4', '9', '7', '1', '6', '8', '5']",['3'],[None],['2']
64,4 dispatched to CPU0,dispatch_cpu,4,CPU0,"['9', '7', '1', '6', '8', '5']",['3'],['4'],['2']
67,4 finished CPU0 → wait queue,cpu_to_io,4,CPU0,"['9', '7', '1', '6', '8', '5']","['3', '4']",[None],['2']
67,9 dispatched to CPU0,dispatch_cpu,9,CPU0,"['7', '1', '6', '8', '5']","['3', '4']",['9'],['2']
68,2 finished I/O → ready queue,io_to_ready,2,IO0,"['2', '7', '1', '6', '8', '5']","['3', '4']",['9'],[None]
68,9 preempted CPU0 → ready queue,cpu_to_ready,9,CPU0,"['2', '9', '7', '1', '6', '8', '5']","['3', '4']",['9'],[None]
68,2 preempt ready queue → CPU0,ready_to_cpu,2,CPU0,"['9', '7', '1', '6', '8', '5']","['3', '4']",['2'],[None]
68,3 dispatched to IO0,dispatch_io,3,IO0,"['9', '7', '1', '6', '8', '5']",['4'],['2'],['3']
69,2 finished all bursts,finished,2,CPU0,"['9', '7', '1', '6', '8', '5']",['4'],[None],['3']
69,9 dispatched to CPU0,dispatch_cpu,9,CPU0,"['7', '1', '6', '8', '5']",['4'],['9'],['3']
71,9 finished CPU0 → ready queue,cpu_to_ready,9,CPU0,"['7', '9', '1', '6', '8', '5']",['4'],[None],['3']
71,7 dispatched to CPU0,dispatch_cpu,7,CPU0,"['9', '1', '6', '8', '5']",['4'],['7'],['3']
72,3 finished I/O → ready queue,io_to_ready,3,IO0,"['3', '9', '1', '6', '8', '5']",['4'],['7'],[None]
72,7 preempted CPU0 → ready queue,cpu_to_ready,7,CPU0,"['3', '7', '9', '1', '6', '8', '5']",['4'],['7'],[None]
72,3 preempt ready queue → CPU0,ready_to_cpu,3,CPU0,"['7', '9', '1', '6', '8', '5']",['4'],['3'],[None]
72,4 dispatched to IO0,dispatch_io,4,IO0,"['7', '9', '1', '6', '8', '5']",[],['3'],['4']
74,3 finished CPU0 → wait queue,cpu_to_io,3,CPU0,"['7', '9', '1', '6', '8', '5']",['3'],[None],['4']
74,7 dispatched to CPU0,dispatch_cpu,7,CPU0,"['9', '1', '6', '8', '5']",['3'],['7'],['4']
77,7 finished CPU0 → wait queue,cpu_to_io,7,CPU0,"['9', '1', '6', '8', '5']","['3', '7']",[None],['4']
77,9 dispatched to CPU0,dispatch_cpu,9,CPU0,"['1', '6', '8', '5']","['3', '7']",['9'],['4']
78,10 added to ready queue,enqueue,10,,"['1', '6', '8', '5', '10']","['3', '7']",['9'],['4']
79,4 finished I/O → ready queue,io_to_ready,4,IO0,"['4', '1', '6', '8', '5', '10']","['3', '7']",['9'],[None]
79,3 dispatched to IO0,dispatch_io,3,IO0,"['4', '1', '6', '8', '5', '10']",['7'],['9'],['3']
81,9 finished CPU0 → wait queue,cpu_to_io,9,CPU0,"['4', '1', '6', '8', '5', '10']","['7', '9']",[None],['3']
81,4 dispatched to CPU0,dispatch_cpu,4,CPU0,"['1', '6', '8', '5', '10']","['7', '9']",['4'],['3']
83,4 finished CPU0 → ready queue,cpu_to_ready,4,CPU0,"['4', '1', '6', '8', '5', '10']","['7', '9']",[None],['3']
83,4 dispatched to CPU0,dispatch_cpu,4,CPU0,"['1', '6', '8', '5', '10']","['7', '9']",['4'],['3']
84,3 finished I/O → ready queue,io_to_ready,3,IO0,"['3', '1', '6', '8', '5', '10']","['7', '9']",['4'],[None]
84,7 dispatched to IO0,dispatch_io,7,IO0,"['3', '1', '6', '8', '5', '10']",['9'],['4'],['7']
86,4 finished CPU0 → ready queue,cpu_to_ready,4,CPU0,"['3', '1', '4', '6', '8', '5', '10']",['9'],[None],['7']
86,3 dispatched to CPU0,dispatch_cpu,3,CPU0,"['1', '4', '6', '8', '5', '10']",['9'],['3'],['7']
88,3 finished CPU0 → wait queue,cpu_to_io,3,CPU0,"['1', '4', '6', '8', '5', '10']","['9', '3']",[None],['7']
88,1 dispatched to CPU0,dispatch_cpu,1,CPU0,"['4', '6', '8', '5', '10']","['9', '3']",['1'],['7']
91,11 added to ready queue,enqueue,11,,"['4', '6', '8', '11', '5', '10']","['9', '3']",['1'],['7']
91,7 finished I/O → ready queue,io_to_ready,7,IO0,"['7', '4', '6', '8', '11', '5', '10']","['9', '3']",['1'],[None]
91,9 dispatched to IO0,dispatch_io,9,IO0,"['7', '4', '6', '8', '11', '5', '10']",['3'],['1'],['9']
93,1 finished CPU0 → wait queue,cpu_to_io,1,CPU0,"['7', '4', '6', '8', '11', '5', '10']","['3', '1']",[None],['9']
93,9 finished I/O → ready queue,io_to_ready,9,IO0,"['7', '4', '6', '8', '9', '11', '5', '10']","['3', '1']",[None],[None]
93,7 dispatched to CPU0,dispatch_cpu,7,CPU0,"['4', '6', '8', '9', '11', '5', '10']","['3', '1']",['7'],[None]
93,3 dispatched to IO0,dispatch_io,3,IO0,"['4', '6', '8', '9', '11', '5', '10']",['1'],['7'],['3']
94,12 added to ready queue,enqueue,12,,"['4', '6', '8', '9', '11', '5', '10', '12']",['1'],['7'],['3']
94,3 finished I/O → ready queue,io_to_ready,3,IO0,"['3', '4', '6', '8', '9', '11', '5', '10', '12']",['1'],['7'],[None]
94,1 dispatched to IO0,dispatch_io,1,IO0,"['3', '4', '6', '8', '9', '11', '5', '10', '12']",[],['7'],['1']
95,7 finished CPU0 → wait queue,cpu_to_io,7,CPU0,"['3', '4', '6', '8', '9', '11', '5', '10', '12']",['7'],[None],['1']
95,3 dispatched to CPU0,dispatch_cpu,3,CPU0,"['4', '6', '8', '9', '11', '5', '10', '12']",['7'],['3'],['1']
96,3 finished all bursts,finished,3,CPU0,"['4', '6', '8', '9', '11', '5', '10', '12']",['7'],[None],['1']
96,4 dispatched to CPU0,dispatch_cpu,4,CPU0,"['6', '8', '9', '11', '5', '10', '12']",['7'],['4'],['1']
98,13 added to ready queue,enqueue,13,,"['6', '8', '9', '11', '5', '10', '13', '12']",['7'],['4'],['1']
99,1 finished I/O → ready queue,io_to_ready,1,IO0,"['1', '6', '8', '9', '11', '5', '10', '13', '12']",['7'],['4'],[None]
99,7 dispatched to IO0,dispatch_io,7,IO0,"['1', '6', '8', '9', '11', '5', '10', '13', '12']",[],['4'],['7']
101,4 finished all bursts,finished,4,CPU0,"['1', '6', '8', '9', '11', '5', '10', '13', '12']",[],[None],['7']
101,1 dispatched to CPU0,dispatch_cpu,1,CPU0,"['6', '8', '9', '11', '5', '10', '13', '12']",[],['1'],['7']
102,14 added to ready queue,enqueue,14,,"['14', '6', '8', '9', '11', '5', '10', '13', '12']",[],['1'],['7']
102,15 added to ready queue,enqueue,15,,"['14', '6', '8', '9', '11', '5', '10', '13', '15', '12']",[],['1'],['7']
105,1 finished CPU0 → wait queue,cpu_to_io,1,CPU0,"['14', '6', '8', '9', '11', '5', '10', '13', '15', '12']",['1'],[None],['7']
105,7 finished I/O → ready queue,io_to_ready,7,IO0,"['14', '6', '8', '9', '11', '5', '7', '10', '13', '15', '12']",['1'],[None],[None]
105,14 dispatched to CPU0,dispatch_cpu,14,CPU0,"['6', '8', '9', '11', '5', '7', '10', '13', '15', '12']",['1'],['14'],[None]
105,1 dispatched to IO0,dispatch_io,1,IO0,"['6', '8', '9', '11', '5', '7', '10', '13', '15', '12']",[],['14'],['1']
109,14 finished CPU0 → wait queue,cpu_to_io,14,CPU0,"['6', '8', '9', '11', '5', '7', '10', '13', '15', '12']",['14'],[None],['1']
109,6 dispatched to CPU0,dispatch_cpu,6,CPU0,"['8', '9', '11', '5', '7', '10', '13', '15', '12']",['14'],['6'],['1']
110,1 finished I/O → ready queue,io_to_ready,1,IO0,"['1', '8', '9', '11', '5', '7', '10', '13', '15', '12']",['14'],['6'],[None]
110,14 dispatched to IO0,dispatch_io,14,IO0,"['1', '8', '9', '11', '5', '7', '10', '13', '15', '12']",[],['6'],['14']
112,14 finished I/O → ready queue,io_to_ready,14,IO0,"['14', '1', '8', '9', '11', '5', '7', '10', '13', '15', '12']",[],['6'],[None]
114,6 finished CPU0 → wait queue,cpu_to_io,6,CPU0,"['14', '1', '8', '9', '11', '5', '7', '10', '13', '15', '12']",['6'],[None],[None]
114,14 dispatched to CPU0,dispatch_cpu,14,CPU0,"['1', '8', '9', '11', '5', '7', '10', '13', '15', '12']",['6'],['14'],[None]
114,6 dispatched to IO0,dispatch_io,6,IO0,"['1', '8', '9', '11', '5', '7', '10', '13', '15', '12']",[],['14'],['6']
116,14 finished CPU0 → wait queue,cpu_to_io,14,CPU0,"['1', '8', '9', '11', '5', '7', '10', '13', '15', '12']",['14'],[None],['6']
116,1 dispatched to CPU0,dispatch_cpu,1,CPU0,"['8', '9', '11', '5', '7', '10', '13', '15', '12']",['14'],['1'],['6']
118,6 finished I/O → ready queue,io_to_ready,6,IO0,"['6', '8', '9', '11', '5', '7', '10', '13', '15', '12']",['14'],['1'],[None]
118,14 dispatched to IO0,dispatch_io,14,IO0,"['6', '8', '9', '11', '5', '7', '10', '13', '15', '12']",[],['1'],['14']
119,16 added to ready queue,enqueue,16,,"['6', '16', '8', '9', '11', '5', '7', '10', '13', '15', '12']",[],['1'],['14']
120,1 finished CPU0 → wait queue,cpu_to_io,1,CPU0,"['6', '16', '8', '9', '11', '5', '7', '10', '13', '15', '12']",['1'],[None],['14']
120,6 dispatched to CPU0,dispatch_cpu,6,CPU0,"['16', '8', '9', '11', '5', '7', '10', '13', '15', '12']",['1'],['6'],['14']
121,14 finished I/O → ready queue,io_to_ready,14,IO0,"['14', '16', '8', '9', '11', '5', '7', '10', '13', '15', '12']",['1'],['6'],[None]
121,6 preempted CPU0 → ready queue,cpu_to_ready,6,CPU0,"['14', '6', '16', '8', '9', '11', '5', '7', '10', '13', '15', '12']",['1'],['6'],[None]
121,14 preempt ready queue → CPU0,ready_to_cpu,14,CPU0,"['6', '16', '8', '9', '11', '5', '7', '10', '13', '15', '12']",['1'],['14'],[None]
121,1 dispatched to IO0,dispatch_io,1,IO0,"['6', '16', '8', '9', '11', '5', '7', '10', '13', '15', '12']",[],['14'],['1']
123,14 finished CPU0 → wait queue,cpu_to_io,14,CPU0,"['6', '16', '8', '9', '11', '5', '7', '10', '13', '15', '12']",['14'],[None],['1']
123,6 dispatched to CPU0,dispatch_cpu,6,CPU0,"['16', '8', '9', '11', '5', '7', '10', '13', '15', '12']",['14'],['6'],['1']
126,6 finished CPU0 → wait queue,cpu_to_io,6,CPU0,"['16', '8', '9', '11', '5', '7', '10', '13', '15', '12']","['14', '6']",[None],['1']
126,16 dispatched to CPU0,dispatch_cpu,16,CPU0,"['8', '9', '11', '5', '7', '10', '13', '15', '12']","['14', '6']",['16'],['1']
127,1 finished I/O → ready queue,io_to_ready,1,IO0,"['1', '8', '9', '11', '5', '7', '10', '13', '15', '12']","['14', '6']",['16'],[None]
127,16 preempted CPU0 → ready queue,cpu_to_ready,16,CPU0,"['1', '16', '8', '9', '11', '5', '7', '10', '13', '15', '12']","['14', '6']",['16'],[None]
127,1 preempt ready queue → CPU0,ready_to_cpu,1,CPU0,"['16', '8', '9', '11', '5', '7', '10', '13', '15', '12']","['14', '6']",['1'],[None]
127,14 dispatched to IO0,dispatch_io,14,IO0,"['16', '8', '9', '11', '5', '7', '10', '13', '15', '12']",['6'],['1'],['14']
128,1 finished all bursts,finished,1,CPU0,"['16', '8', '9', '11', '5', '7', '10', '13', '15', '12']",['6'],[None],['14']
128,16 dispatched to CPU0,dispatch_cpu,16,CPU0,"['8', '9', '11', '5', '7', '10', '13', '15', '12']",['6'],['16'],['14']
130,14 finished I/O → ready queue,io_to_ready,14,IO0,"['14', '8', '9', '11', '5', '7', '10', '13', '15', '12']",['6'],['16'],[None]
130,6 dispatched to IO0,dispatch_io,6,IO0,"['14', '8', '9', '11', '5', '7', '10', '13', '15', '12']",[],['16'],['6']
131,16 finished CPU0 → ready queue,cpu_to_ready,16,CPU0,"['16', '14', '8', '9', '11', '5', '7', '10', '13', '15', '12']",[],[None],['6']
131,6 finished I/O → ready queue,io_to_ready,6,IO0,"['6', '16', '14', '8', '9', '11', '5', '7', '10', '13', '15', '12']",[],[None],[None]
131,6 dispatched to CPU0,dispatch_cpu,6,CPU0,"['16', '14', '8', '9', '11', '5', '7', '10', '13', '15', '12']",[],['6'],[None]
132,17 added to ready queue,enqueue,17,,"['16', '14', '8', '9', '11', '5', '7', '17', '10', '13', '15', '12']",[],['6'],[None]
132,6 finished all bursts,finished,6,CPU0,"['16', '14', '8', '9', '11', '5', '7', '17', '10', '13', '15', '12']",[],[None],[None]
132,16 dispatched to CPU0,dispatch_cpu,16,CPU0,"['14', '8', '9', '11', '5', '7', '17', '10', '13', '15', '12']",[],['16'],[None]
135,16 finished CPU0 → ready queue,cpu_to_ready,16,CPU0,"['14', '16', '8', '9', '11', '5', '7', '17', '10', '13', '15', '12']",[],[None],[None]
135,14 dispatched to CPU0,dispatch_cpu,14,CPU0,"['16', '8', '9', '11', '5', '7', '17', '10', '13', '15', '12']",[],['14'],[None]
139,14 finished CPU0 → wait queue,cpu_to_io,14,CPU0,"['16', '8', '9', '11', '5', '7', '17', '10', '13', '15', '12']",['14'],[None],[None]
139,16 dispatched to CPU0,dispatch_cpu,16,CPU0,"['8', '9', '11', '5', '7', '17', '10', '13', '15', '12']",['14'],['16'],[None]
139,14 dispatched to IO0,dispatch_io,14,IO0,"['8', '9', '11', '5', '7', '17', '10', '13', '15', '12']",[],['16'],['14']
143,16 finished CPU0 → wait queue,cpu_to_io,16,CPU0,"['8', '9', '11', '5', '7', '17', '10', '13', '15', '12']",['16'],[None],['14']
143,8 dispatched to CPU0,dispatch_cpu,8,CPU0,"['9', '11', '5', '7', '17', '10', '13', '15', '12']",['16'],['8'],['14']
146,14 finished I/O → ready queue,io_to_ready,14,IO0,"['14', '9', '11', '5', '7', '17', '10', '13', '15', '12']",['16'],['8'],[None]
146,16 dispatched to IO0,dispatch_io,16,IO0,"['14', '9', '11', '5', '7', '17', '10', '13', '15', '12']",[],['8'],['16']
147,18 added to ready queue,enqueue,18,,"['14', '9', '11', '18', '5', '7', '17', '10', '13', '15', '12']",[],['8'],['16']
148,8 finished CPU0 → ready queue,cpu_to_ready,8,CPU0,"['8', '14', '9', '11', '18', '5', '7', '17', '10', '13', '15', '12']",[],[None],['16']
148,8 dispatched to CPU0,dispatch_cpu,8,CPU0,"['14', '9', '11', '18', '5', '7', '17', '10', '13', '15', '12']",[],['8'],['16']
151,8 finished CPU0 → wait queue,cpu_to_io,8,CPU0,"['14', '9', '11', '18', '5', '7', '17', '10', '13', '15', '12']",['8'],[None],['16']
151,16 finished I/O → ready queue,io_to_ready,16,IO0,"['16', '14', '9', '11', '18', '5', '7', '17', '10', '13', '15', '12']",['8'],[None],[None]
151,16 dispatched to CPU0,dispatch_cpu,16,CPU0,"['14', '9', '11', '18', '5', '7', '17', '10', '13', '15', '12']",['8'],['16'],[None]
151,8 dispatched to IO0,dispatch_io,8,IO0,"['14', '9', '11', '18', '5', '7', '17', '10', '13', '15', '12']",[],['16'],['8']
153,16 finished CPU0 → ready queue,cpu_to_ready,16,CPU0,"['14', '16', '9', '11', '18', '5', '7', '17', '10', '13', '15', '12']",[],[None],['8']
153,14 dispatched to CPU0,dispatch_cpu,14,CPU0,"['16', '9', '11', '18', '5', '7', '17', '10', '13', '15', '12']",[],['14'],['8']
156,14 finished CPU0 → wait queue,cpu_to_io,14,CPU0,"['16', '9', '11', '18', '5', '7', '17', '10', '13', '15', '12']",['14'],[None],['8']
156,16 dispatched to CPU0,dispatch_cpu,16,CPU0,"['9', '11', '18', '5', '7', '17', '10', '13', '15', '12']",['14'],['16'],['8']
160,16 finished CPU0 → wait queue,cpu_to_io,16,CPU0,"['9', '11', '18', '5', '7', '17', '10', '13', '15', '12']","['14', '16']",[None],['8']
160,8 finished I/O → ready queue,io_to_ready,8,IO0,"['8', '9', '11', '18', '5', '7', '17', '10', '13', '15', '12']","['14', '16']",[None],[None]
160,8 dispatched to CPU0,dispatch_cpu,8,CPU0,"['9', '11', '18', '5', '7', '17', '10', '13', '15', '12']","['14', '16']",['8'],[None]
160,14 dispatched to IO0,dispatch_io,14,IO0,"['9', '11', '18', '5', '7', '17', '10', '13', '15', '12']",['16'],['8'],['14']
162,14 finished I/O → ready queue,io_to_ready,14,IO0,"['14', '9', '11', '18', '5', '7', '17', '10', '13', '15', '12']",['16'],['8'],[None]
162,16 dispatched to IO0,dispatch_io,16,IO0,"['14', '9', '11', '18', '5', '7', '17', '10', '13', '15', '12']",[],['8'],['16']
163,19 added to ready queue,enqueue,19,,"['14', '19', '9', '11', '18', '5', '7', '17', '10', '13', '15', '12']",[],['8'],['16']
163,8 finished CPU0 → ready queue,cpu_to_ready,8,CPU0,"['8', '14', '19', '9', '11', '18', '5', '7', '17', '10', '13', '15', '12']",[],[None],['16']
163,8 dispatched to CPU0,dispatch_cpu,8,CPU0,"['14', '19', '9', '11', '18', '5', '7', '17', '10', '13', '15', '12']",[],['8'],['16']
167,8 finished CPU0 → wait queue,cpu_to_io,8,CPU0,"['14', '19', '9', '11', '18', '5', '7', '17', '10', '13', '15', '12']",['8'],[None],['16']
167,16 finished I/O → ready queue,io_to_ready,16,IO0,"['16', '14', '19', '9', '11', '18', '5', '7', '17', '10', '13', '15', '12']",['8'],[None],[None]
167,16 dispatched to CPU0,dispatch_cpu,16,CPU0,"['14', '19', '9', '11', '18', '5', '7', '17', '10', '13', '15', '12']",['8'],['16'],[None]
167,8 dispatched to IO0,dispatch_io,8,IO0,"['14', '19', '9', '11', '18', '5', '7', '17', '10', '13', '15', '12']",[],['16'],['8']
169,16 finished all bursts,finished,16,CPU0,"['14', '19', '9', '11', '18', '5', '7', '17', '10', '13', '15', '12']",[],[None],['8']
169,14 dispatched to CPU0,dispatch_cpu,14,CPU0,"['19', '9', '11', '18', '5', '7', '17', '10', '13', '15', '12']",[],['14'],['8']
171,8 finished I/O → ready queue,io_to_ready,8,IO0,"['19', '8', '9', '11', '18', '5', '7', '17', '10', '13', '15', '12']",[],['14'],[None]
173,14 finished CPU0 → wait queue,cpu_to_io,14,CPU0,"['19', '8', '9', '11', '18', '5', '7', '17', '10', '13', '15', '12']",['14'],[None],[None]
173,19 dispatched to CPU0,dispatch_cpu,19,CPU0,"['8', '9', '11', '18', '5', '7', '17', '10', '13', '15', '12']",['14'],['19'],[None]
173,14 dispatched to IO0,dispatch_io,14,IO0,"['8', '9', '11', '18', '5', '7', '17', '10', '13', '15', '12']",[],['19'],['14']
177,20 added to ready queue,enqueue,20,,"['20', '8', '9', '11', '18', '5', '7', '17', '10', '13', '15', '12']",[],['19'],['14']
177,19 finished CPU0 → ready queue,cpu_to_ready,19,CPU0,"['19', '20', '8', '9', '11', '18', '5', '7', '17', '10', '13', '15', '12']",[],[None],['14']
177,14 finished I/O → ready queue,io_to_ready,14,IO0,"['19', '14', '20', '8', '9', '11', '18', '5', '7', '17', '10', '13', '15', '12']",[],[None],[None]
177,19 dispatched to CPU0,dispatch_cpu,19,CPU0,"['14', '20', '8', '9', '11', '18', '5', '7', '17', '10', '13', '15', '12']",[],['19'],[None]
180,19 finished CPU0 → ready queue,cpu_to_ready,19,CPU0,"['19', '14', '20', '8', '9', '11', '18', '5', '7', '17', '10', '13', '15', '12']",[],[None],[None]
180,19 dispatched to CPU0,dispatch_cpu,19,CPU0,"['14', '20', '8', '9', '11', '18', '5', '7', '17', '10', '13', '15', '12']",[],['19'],[None]
182,19 finished CPU0 → ready queue,cpu_to_ready,19,CPU0,"['19', '14', '20', '8', '9', '11', '18', '5', '7', '17', '10', '13', '15', '12']",[],[None],[None]
182,19 dispatched to CPU0,dispatch_cpu,19,CPU0,"['14', '20', '8', '9', '11', '18', '5', '7', '17', '10', '13', '15', '12']",[],['19'],[None]
185,19 finished CPU0 → ready queue,cpu_to_ready,19,CPU0,"['19', '14', '20', '8', '9', '11', '18', '5', '7', '17', '10', '13', '15', '12']",[],[None],[None]
185,19 dispatched to CPU0,dispatch_cpu,19,CPU0,"['14', '20', '8', '9', '11', '18', '5', '7', '17', '10', '13', '15', '12']",[],['19'],[None]
187,19 finished CPU0 → ready queue,cpu_to_ready,19,CPU0,"['19', '14', '20', '8', '9', '11', '18', '5', '7', '17', '10', '13', '15', '12']",[],[None],[None]
187,19 dispatched to CPU0,dispatch_cpu,19,CPU0,"['14', '20', '8', '9', '11', '18', '5', '7', '17', '10', '13', '15', '12']",[],['19'],[None]
188,19 finished all bursts,finished,19,CPU0,"['14', '20', '8', '9', '11', '18', '5', '7', '17', '10', '13', '15', '12']",[],[None],[None]
188,14 dispatched to CPU0,dispatch_cpu,14,CPU0,"['20', '8', '9', '11', '18', '5', '7', '17', '10', '13', '15', '12']",[],['14'],[None]
192,14 finished all bursts,finished,14,CPU0,"['20', '8', '9', '11', '18', '5', '7', '17', '10', '13', '15', '12']",[],[None],[None]
192,20 dispatched to CPU0,dispatch_cpu,20,CPU0,"['8', '9', '11', '18', '5', '7', '17', '10', '13', '15', '12']",[],['20'],[None]
196,20 finished CPU0 → ready queue,cpu_to_ready,20,CPU0,"['20', '8', '9', '11', '18', '5', '7', '17', '10', '13', '15', '12']",[],[None],[None]
196,20 dispatched to CPU0,dispatch_cpu,20,CPU0,"['8', '9', '11', '18', '5', '7', '17', '10', '13', '15', '12']",[],['20'],[None]
198,21 added to ready queue,enqueue,21,,"['21', '8', '9', '11', '18', '5', '7', '17', '10', '13', '15', '12']",[],['20'],[None]
199,20 finished CPU0 → wait queue,cpu_to_io,20,CPU0,"['21', '8', '9', '11', '18', '5', '7', '17', '10', '13', '15', '12']",['20'],[None],[None]
199,21 dispatched to CPU0,dispatch_cpu,21,CPU0,"['8', '9', '11', '18', '5', '7', '17', '10', '13', '15', '12']",['20'],['21'],[None]
199,20 dispatched to IO0,dispatch_io,20,IO0,"['8', '9', '11', '18', '5', '7', '17', '10', '13', '15', '12']",[],['21'],['20']
200,20 finished I/O → ready queue,io_to_ready,20,IO0,"['20', '8', '9', '11', '18', '5', '7', '17', '10', '13', '15', '12']",[],['21'],[None]
202,21 finished CPU0 → wait queue,cpu_to_io,21,CPU0,"['20', '8', '9', '11', '18', '5', '7', '17', '10', '13', '15', '12']",['21'],[None],[None]
202,20 dispatched to CPU0,dispatch_cpu,20,CPU0,"['8', '9', '11', '18', '5', '7', '17', '10', '13', '15', '12']",['21'],['20'],[None]
202,21 dispatched to IO0,dispatch_io,21,IO0,"['8', '9', '11', '18', '5', '7', '17', '10', '13', '15', '12']",[],['20'],['21']
205,20 finished CPU0 → ready queue,cpu_to_ready,20,CPU0,"['20', '8', '9', '11', '18', '5', '7', '17', '10', '13', '15', '12']",[],[None],['21']
205,20 dispatched to CPU0,dispatch_cpu,20,CPU0,"['8', '9', '11', '18', '5', '7', '17', '10', '13', '15', '12']",[],['20'],['21']
207,20 finished CPU0 → wait queue,cpu_to_io,20,CPU0,"['8', '9', '11', '18', '5', '7', '17', '10', '13', '15', '12']",['20'],[None],['21']
207,8 dispatched to CPU0,dispatch_cpu,8,CPU0,"['9', '11', '18', '5', '7', '17', '10', '13', '15', '12']",['20'],['8'],['21']
208,21 finished I/O → ready queue,io_to_ready,21,IO0,"['21', '9', '11', '18', '5', '7', '17', '10', '13', '15', '12']",['20'],['8'],[None]
208,20 dispatched to IO0,dispatch_io,20,IO0,"['21', '9', '11', '18', '5', '7', '17', '10', '13', '15', '12']",[],['8'],['20']
212,8 finished CPU0 → wait queue,cpu_to_io,8,CPU0,"['21', '9', '11', '18', '5', '7', '17', '10', '13', '15', '12']",['8'],[None],['20']
212,21 dispatched to CPU0,dispatch_cpu,21,CPU0,"['9', '11', '18', '5', '7', '17', '10', '13', '15', '12']",['8'],['21'],['20']
214,20 finished I/O → ready queue,io_to_ready,20,IO0,"['20', '9', '11', '18', '5', '7', '17', '10', '13', '15', '12']",['8'],['21'],[None]
214,8 dispatched to IO0,dispatch_io,8,IO0,"['20', '9', '11', '18', '5', '7', '17', '10', '13', '15', '12']",[],['21'],['8']
215,22 added to ready queue,enqueue,22,,"['20', '22', '9', '11', '18', '5', '7', '17', '10', '13', '15', '12']",[],['21'],['8']
216,21 finished CPU0 → wait queue,cpu_to_io,21,CPU0,"['20', '22', '9', '11', '18', '5', '7', '17', '10', '13', '15', '12']",['21'],[None],['8']
216,20 dispatched to CPU0,dispatch_cpu,20,CPU0,"['22', '9', '11', '18', '5', '7', '17', '10', '13', '15', '12']",['21'],['20'],['8']
218,20 finished CPU0 → wait queue,cpu_to_io,20,CPU0,"['22', '9', '11', '18', '5', '7', '17', '10', '13', '15', '12']","['21', '20']",[None],['8']
218,22 dispatched to CPU0,dispatch_cpu,22,CPU0,"['9', '11', '18', '5', '7', '17', '10', '13', '15', '12']","['21', '20']",['22'],['8']
220,8 finished I/O → ready queue,io_to_ready,8,IO0,"['8', '9', '11', '18', '5', '7', '17', '10', '13', '15', '12']","['21', '20']",['22'],[None]
220,21 dispatched to IO0,dispatch_io,21,IO0,"['8', '9', '11', '18', '5', '7', '17', '10', '13', '15', '12']",['20'],['22'],['21']
221,22 finished CPU0 → wait queue,cpu_to_io,22,CPU0,"['8', '9', '11', '18', '5', '7', '17', '10', '13', '15', '12']","['20', '22']",[None],['21']
221,8 dispatched to CPU0,dispatch_cpu,8,CPU0,"['9', '11', '18', '5', '7', '17', '10', '13', '15', '12']","['20', '22']",['8'],['21']
222,8 finished all bursts,finished,8,CPU0,"['9', '11', '18', '5', '7', '17', '10', '13', '15', '12']","['20', '22']",[None],['21']
222,9 dispatched to CPU0,dispatch_cpu,9,CPU0,"['11', '18', '5', '7', '17', '10', '13', '15', '12']","['20', '22']",['9'],['21']
227,9 finished CPU0 → wait queue,cpu_to_io,9,CPU0,"['11', '18', '5', '7', '17', '10', '13', '15', '12']","['20', '22', '9']",[None],['21']
227,21 finished I/O → ready queue,io_to_ready,21,IO0,"['21', '11', '18', '5', '7', '17', '10', '13', '15', '12']","['20', '22', '9']",[None],[None]
227,21 dispatched to CPU0,dispatch_cpu,21,CPU0,"['11', '18', '5', '7', '17', '10', '13', '15', '12']","['20', '22', '9']",['21'],[None]
227,20 dispatched to IO0,dispatch_io,20,IO0,"['11', '18', '5', '7', '17', '10', '13', '15', '12']","['22', '9']",['21'],['20']
228,23 added to ready queue,enqueue,23,,"['11', '18', '23', '5', '7', '17', '10', '13', '15', '12']","['22', '9']",['21'],['20']
230,21 finished CPU0 → ready queue,cpu_to_ready,21,CPU0,"['21', '11', '18', '23', '5', '7', '17', '10', '13', '15', '12']","['22', '9']",[None],['20']
230,20 finished I/O → ready queue,io_to_ready,20,IO0,"['20', '21', '11', '18', '23', '5', '7', '17', '10', '13', '15', '12']","['22', '9']",[None],[None]
230,20 dispatched to CPU0,dispatch_cpu,20,CPU0,"['21', '11', '18', '23', '5', '7', '17', '10', '13', '15', '12']","['22', '9']",['20'],[None]
230,22 dispatched to IO0,dispatch_io,22,IO0,"['21', '11', '18', '23', '5', '7', '17', '10', '13', '15', '12']",['9'],['20'],['22']
233,20 finished all bursts,finished,20,CPU0,"['21', '11', '18', '23', '5', '7', '17', '10', '13', '15', '12']",['9'],[None],['22']
233,22 finished I/O → ready queue,io_to_ready,22,IO0,"['21', '22', '11', '18', '23', '5', '7', '17', '10', '13', '15', '12']",['9'],[None],[None]
233,21 dispatched to CPU0,dispatch_cpu,21,CPU0,"['22', '11', '18', '23', '5', '7', '17', '10', '13', '15', '12']",['9'],['21'],[None]
233,9 dispatched to IO0,dispatch_io,9,IO0,"['22', '11', '18', '23', '5', '7', '17', '10', '13', '15', '12']",[],['21'],['9']
236,21 finished CPU0 → wait queue,cpu_to_io,21,CPU0,"['22', '11', '18', '23', '5', '7', '17', '10', '13', '15', '12']",['21'],[None],['9']
236,22 dispatched to CPU0,dispatch_cpu,22,CPU0,"['11', '18', '23', '5', '7', '17', '10', '13', '15', '12']",['21'],['22'],['9']
237,24 added to ready queue,enqueue,24,,"['11', '18', '23', '5', '7', '17', '10', '13', '24', '15', '12']",['21'],['22'],['9']
239,22 finished CPU0 → wait queue,cpu_to_io,22,CPU0,"['11', '18', '23', '5', '7', '17', '10', '13', '24', '15', '12']","['21', '22']",[None],['9']
239,9 finished I/O → ready queue,io_to_ready,9,IO0,"['9', '11', '18', '23', '5', '7', '17', '10', '13', '24', '15', '12']","['21', '22']",[None],[None]
239,9 dispatched to CPU0,dispatch_cpu,9,CPU0,"['11', '18', '23', '5', '7', '17', '10', '13', '24', '15', '12']","['21', '22']",['9'],[None]
239,21 dispatched to IO0,dispatch_io,21,IO0,"['11', '18', '23', '5', '7', '17', '10', '13', '24', '15', '12']",['22'],['9'],['21']
243,9 finished all bursts,finished,9,CPU0,"['11', '18', '23', '5', '7', '17', '10', '13', '24', '15', '12']",['22'],[None],['21']
243,11 dispatched to CPU0,dispatch_cpu,11,CPU0,"['18', '23', '5', '7', '17', '10', '13', '24', '15', '12']",['22'],['11'],['21']
244,21 finished I/O → ready queue,io_to_ready,21,IO0,"['21', '18', '23', '5', '7', '17', '10', '13', '24', '15', '12']",['22'],['11'],[None]
244,22 dispatched to IO0,dispatch_io,22,IO0,"['21', '18', '23', '5', '7', '17', '10', '13', '24', '15', '12']",[],['11'],['22']
248,11 finished CPU0 → ready queue,cpu_to_ready,11,CPU0,"['11', '21', '18', '23', '5', '7', '17', '10', '13', '24', '15', '12']",[],[None],['22']
248,11 dispatched to CPU0,dispatch_cpu,11,CPU0,"['21', '18', '23', '5', '7', '17', '10', '13', '24', '15', '12']",[],['11'],['22']
249,22 finished I/O → ready queue,io_to_ready,22,IO0,"['22', '21', '18', '23', '5', '7', '17', '10', '13', '24', '15', '12']",[],['11'],[None]
251,11 finished CPU0 → wait queue,cpu_to_io,11,CPU0,"['22', '21', '18', '23', '5', '7', '17', '10', '13', '24', '15', '12']",['11'],[None],[None]
251,22 dispatched to CPU0,dispatch_cpu,22,CPU0,"['21', '18', '23', '5', '7', '17', '10', '13', '24', '15', '12']",['11'],['22'],[None]
251,11 dispatched to IO0,dispatch_io,11,IO0,"['21', '18', '23', '5', '7', '17', '10', '13', '24', '15', '12']",[],['22'],['11']
253,22 finished CPU0 → wait queue,cpu_to_io,22,CPU0,"['21', '18', '23', '5', '7', '17', '10', '13', '24', '15', '12']",['22'],[None],['11']
253,21 dispatched to CPU0,dispatch_cpu,21,CPU0,"['18', '23', '5', '7', '17', '10', '13', '24', '15', '12']",['22'],['21'],['11']
256,25 added to ready queue,enqueue,25,,"['25', '18', '23', '5', '7', '17', '10', '13', '24', '15', '12']",['22'],['21'],['11']
257,21 finished CPU0 → ready queue,cpu_to_ready,21,CPU0,"['21', '25', '18', '23', '5', '7', '17', '10', '13', '24', '15', '12']",['22'],[None],['11']
257,21 dispatched to CPU0,dispatch_cpu,21,CPU0,"['25', '18', '23', '5', '7', '17', '10', '13', '24', '15', '12']",['22'],['21'],['11']
260,21 finished all bursts,finished,21,CPU0,"['25', '18', '23', '5', '7', '17', '10', '13', '24', '15', '12']",['22'],[None],['11']
260,25 dispatched to CPU0,dispatch_cpu,25,CPU0,"['18', '23', '5', '7', '17', '10', '13', '24', '15', '12']",['22'],['25'],['11']
263,11 finished I/O → ready queue,io_to_ready,11,IO0,"['11', '18', '23', '5', '7', '17', '10', '13', '24', '15', '12']",['22'],['25'],[None]
263,22 dispatched to IO0,dispatch_io,22,IO0,"['11', '18', '23', '5', '7', '17', '10', '13', '24', '15', '12']",[],['25'],['22']
264,25 finished CPU0 → wait queue,cpu_to_io,25,CPU0,"['11', '18', '23', '5', '7', '17', '10', '13', '24', '15', '12']",['25'],[None],['22']
264,11 dispatched to CPU0,dispatch_cpu,11,CPU0,"['18', '23', '5', '7', '17', '10', '13', '24', '15', '12']",['25'],['11'],['22']
267,11 finished CPU0 → wait queue,cpu_to_io,11,CPU0,"['18', '23', '5', '7', '17', '10', '13', '24', '15', '12']","['25', '11']",[None],['22']
267,18 dispatched to CPU0,dispatch_cpu,18,CPU0,"['23', '5', '7', '17', '10', '13', '24', '15', '12']","['25', '11']",['18'],['22']
268,22 finished I/O → ready queue,io_to_ready,22,IO0,"['22', '23', '5', '7', '17', '10', '13', '24', '15', '12']","['25', '11']",['18'],[None]
268,18 preempted CPU0 → ready queue,cpu_to_ready,18,CPU0,"['22', '18', '23', '5', '7', '17', '10', '13', '24', '15', '12']","['25', '11']",['18'],[None]
268,22 preempt ready queue → CPU0,ready_to_cpu,22,CPU0,"['18', '23', '5', '7', '17', '10', '13', '24', '15', '12']","['25', '11']",['22'],[None]
268,25 dispatched to IO0,dispatch_io,25,IO0,"['18', '23', '5', '7', '17', '10', '13', '24', '15', '12']",['11'],['22'],['25']
271,22 finished CPU0 → wait queue,cpu_to_io,22,CPU0,"['18', '23', '5', '7', '17', '10', '13', '24', '15', '12']","['11', '22']",[None],['25']
271,18 dispatched to CPU0,dispatch_cpu,18,CPU0,"['23', '5', '7', '17', '10', '13', '24', '15', '12']","['11', '22']",['18'],['25']
272,25 finished I/O → ready queue,io_to_ready,25,IO0,"['25', '23', '5', '7', '17', '10', '13', '24', '15', '12']","['11', '22']",['18'],[None]
272,18 preempted CPU0 → ready queue,cpu_to_ready,18,CPU0,"['25', '18', '23', '5', '7', '17', '10', '13', '24', '15', '12']","['11', '22']",['18'],[None]
272,25 preempt ready queue → CPU0,ready_to_cpu,25,CPU0,"['18', '23', '5', '7', '17', '10', '13', '24', '15', '12']","['11', '22']",['25'],[None]
272,11 dispatched to IO0,dispatch_io,11,IO0,"['18', '23', '5', '7', '17', '10', '13', '24', '15', '12']",['22'],['25'],['11']
274,25 finished CPU0 → wait queue,cpu_to_io,25,CPU0,"['18', '23', '5', '7', '17', '10', '13', '24', '15', '12']","['22', '25']",[None],['11']
274,18 dispatched to CPU0,dispatch_cpu,18,CPU0,"['23', '5', '7', '17', '10', '13', '24', '15', '12']","['22', '25']",['18'],['11']
277,18 finished CPU0 → ready queue,cpu_to_ready,18,CPU0,"['18', '23', '5', '7', '17', '10', '13', '24', '15', '12']","['22', '25']",[None],['11']
277,18 dispatched to CPU0,dispatch_cpu,18,CPU0,"['23', '5', '7', '17', '10', '13', '24', '15', '12']","['22', '25']",['18'],['11']
280,18 finished CPU0 → wait queue,cpu_to_io,18,CPU0,"['23', '5', '7', '17', '10', '13', '24', '15', '12']","['22', '25', '18']",[None],['11']
280,23 dispatched to CPU0,dispatch_cpu,23,CPU0,"['5', '7', '17', '10', '13', '24', '15', '12']","['22', '25', '18']",['23'],['11']
285,23 finished CPU0 → wait queue,cpu_to_io,23,CPU0,"['5', '7', '17', '10', '13', '24', '15', '12']","['22', '25', '18', '23']",[None],['11']
285,5 dispatched to CPU0,dispatch_cpu,5,CPU0,"['7', '17', '10', '13', '24', '15', '12']","['22', '25', '18', '23']",['5'],['11']
291,5 finished CPU0 → wait queue,cpu_to_io,5,CPU0,"['7', '17', '10', '13', '24', '15', '12']","['22', '25', '18', '23', '5']",[None],['11']
291,7 dispatched to CPU0,dispatch_cpu,7,CPU0,"['17', '10', '13', '24', '15', '12']","['22', '25', '18', '23', '5']",['7'],['11']
292,11 finished I/O → ready queue,io_to_ready,11,IO0,"['11', '17', '10', '13', '24', '15', '12']","['22', '25', '18', '23', '5']",['7'],[None]
292,22 dispatched to IO0,dispatch_io,22,IO0,"['11', '17', '10', '13', '24', '15', '12']","['25', '18', '23', '5']",['7'],['22']
297,7 finished CPU0 → ready queue,cpu_to_ready,7,CPU0,"['7', '11', '17', '10', '13', '24', '15', '12']","['25', '18', '23', '5']",[None],['22']
297,7 dispatched to CPU0,dispatch_cpu,7,CPU0,"['11', '17', '10', '13', '24', '15', '12']","['25', '18', '23', '5']",['7'],['22']
298,22 finished I/O → ready queue,io_to_ready,22,IO0,"['22', '11', '17', '10', '13', '24', '15', '12']","['25', '18', '23', '5']",['7'],[None]
298,25 dispatched to IO0,dispatch_io,25,IO0,"['22', '11', '17', '10', '13', '24', '15', '12']","['18', '23', '5']",['7'],['25']
300,7 finished all bursts,finished,7,CPU0,"['22', '11', '17', '10', '13', '24', '15', '12']","['18', '23', '5']",[None],['25']
300,22 dispatched to CPU0,dispatch_cpu,22,CPU0,"['11', '17', '10', '13', '24', '15', '12']","['18', '23', '5']",['22'],['25']
303,22 finished CPU0 → ready queue,cpu_to_ready,22,CPU0,"['22', '11', '17', '10', '13', '24', '15', '12']","['18', '23', '5']",[None],['25']
303,22 dispatched to CPU0,dispatch_cpu,22,CPU0,"['11', '17', '10', '13', '24', '15', '12']","['18', '23', '5']",['22'],['25']
305,25 finished I/O → ready queue,io_to_ready,25,IO0,"['25', '11', '17', '10', '13', '24', '15', '12']","['18', '23', '5']",['22'],[None]
305,18 dispatched to IO0,dispatch_io,18,IO0,"['25', '11', '17', '10', '13', '24', '15', '12']","['23', '5']",['22'],['18']
306,22 finished CPU0 → wait queue,cpu_to_io,22,CPU0,"['25', '11', '17', '10', '13', '24', '15', '12']","['23', '5', '22']",[None],['18']
306,25 dispatched to CPU0,dispatch_cpu,25,CPU0,"['11', '17', '10', '13', '24', '15', '12']","['23', '5', '22']",['25'],['18']
310,25 finished CPU0 → ready queue,cpu_to_ready,25,CPU0,"['25', '11', '17', '10', '13', '24', '15', '12']","['23', '5', '22']",[None],['18']
310,18 finished I/O → ready queue,io_to_ready,18,IO0,"['18', '25', '11', '17', '10', '13', '24', '15', '12']","['23', '5', '22']",[None],[None]
310,18 dispatched to CPU0,dispatch_cpu,18,CPU0,"['25', '11', '17', '10', '13', '24', '15', '12']","['23', '5', '22']",['18'],[None]
310,23 dispatched to IO0,dispatch_io,23,IO0,"['25', '11', '17', '10', '13', '24', '15', '12']","['5', '22']",['18'],['23']
312,18 finished CPU0 → wait queue,cpu_to_io,18,CPU0,"['25', '11', '17', '10', '13', '24', '15', '12']","['5', '22', '18']",[None],['23']
312,25 dispatched to CPU0,dispatch_cpu,25,CPU0,"['11', '17', '10', '13', '24', '15', '12']","['5', '22', '18']",['25'],['23']
313,23 finished I/O → ready queue,io_to_ready,23,IO0,"['23', '11', '17', '10', '13', '24', '15', '12']","['5', '22', '18']",['25'],[None]
313,5 dispatched to IO0,dispatch_io,5,IO0,"['23', '11', '17', '10', '13', '24', '15', '12']","['22', '18']",['25'],['5']
315,25 finished CPU0 → ready queue,cpu_to_ready,25,CPU0,"['23', '25', '11', '17', '10', '13', '24', '15', '12']","['22', '18']",[None],['5']
315,5 finished I/O → ready queue,io_to_ready,5,IO0,"['23', '25', '5', '11', '17', '10', '13', '24', '15', '12']","['22', '18']",[None],[None]
315,23 dispatched to CPU0,dispatch_cpu,23,CPU0,"['25', '5', '11', '17', '10', '13', '24', '15', '12']","['22', '18']",['23'],[None]
315,22 dispatched to IO0,dispatch_io,22,IO0,"['25', '5', '11', '17', '10', '13', '24', '15', '12']",['18'],['23'],['22']
317,23 finished CPU0 → wait queue,cpu_to_io,23,CPU0,"['25', '5', '11', '17', '10', '13', '24', '15', '12']","['18', '23']",[None],['22']
317,25 dispatched to CPU0,dispatch_cpu,25,CPU0,"['5', '11', '17', '10', '13', '24', '15', '12']","['18', '23']",['25'],['22']
320,25 finished CPU0 → wait queue,cpu_to_io,25,CPU0,"['5', '11', '17', '10', '13', '24', '15', '12']","['18', '23', '25']",[None],['22']
320,5 dispatched to CPU0,dispatch_cpu,5,CPU0,"['11', '17', '10', '13', '24', '15', '12']","['18', '23', '25']",['5'],['22']
322,22 finished I/O → ready queue,io_to_ready,22,IO0,"['22', '11', '17', '10', '13', '24', '15', '12']","['18', '23', '25']",['5'],[None]
322,18 dispatched to IO0,dispatch_io,18,IO0,"['22', '11', '17', '10', '13', '24', '15', '12']","['23', '25']",['5'],['18']
324,5 finished CPU0 → ready queue,cpu_to_ready,5,CPU0,"['5', '22', '11', '17', '10', '13', '24', '15', '12']","['23', '25']",[None],['18']
324,5 dispatched to CPU0,dispatch_cpu,5,CPU0,"['22', '11', '17', '10', '13', '24', '15', '12']","['23', '25']",['5'],['18']
327,5 finished CPU0 → wait queue,cpu_to_io,5,CPU0,"['22', '11', '17', '10', '13', '24', '15', '12']","['23', '25', '5']",[None],['18']
327,18 finished I/O → ready queue,io_to_ready,18,IO0,"['18', '22', '11', '17', '10', '13', '24', '15', '12']","['23', '25', '5']",[None],[None]
327,18 dispatched to CPU0,dispatch_cpu,18,CPU0,"['22', '11', '17', '10', '13', '24', '15', '12']","['23', '25', '5']",['18'],[None]
327,23 dispatched to IO0,dispatch_io,23,IO0,"['22', '11', '17', '10', '13', '24', '15', '12']","['25', '5']",['18'],['23']
328,18 finished CPU0 → wait queue,cpu_to_io,18,CPU0,"['22', '11', '17', '10', '13', '24', '15', '12']","['25', '5', '18']",[None],['23']
328,22 dispatched to CPU0,dispatch_cpu,22,CPU0,"['11', '17', '10', '13', '24', '15', '12']","['25', '5', '18']",['22'],['23']
332,22 finished CPU0 → wait queue,cpu_to_io,22,CPU0,"['11', '17', '10', '13', '24', '15', '12']","['25', '5', '18', '22']",[None],['23']
332,23 finished I/O → ready queue,io_to_ready,23,IO0,"['23', '11', '17', '10', '13', '24', '15', '12']","['25', '5', '18', '22']",[None],[None]
332,23 dispatched to CPU0,dispatch_cpu,23,CPU0,"['11', '17', '10', '13', '24', '15', '12']","['25', '5', '18', '22']",['23'],[None]
332,25 dispatched to IO0,dispatch_io,25,IO0,"['11', '17', '10', '13', '24', '15', '12']","['5', '18', '22']",['23'],['25']
333,25 finished I/O → ready queue,io_to_ready,25,IO0,"['25', '11', '17', '10', '13', '24', '15', '12']","['5', '18', '22']",['23'],[None]
333,5 dispatched to IO0,dispatch_io,5,IO0,"['25', '11', '17', '10', '13', '24', '15', '12']","['18', '22']",['23'],['5']
336,23 finished CPU0 → wait queue,cpu_to_io,23,CPU0,"['25', '11', '17', '10', '13', '24', '15', '12']","['18', '22', '23']",[None],['5']
336,25 dispatched to CPU0,dispatch_cpu,25,CPU0,"['11', '17', '10', '13', '24', '15', '12']","['18', '22', '23']",['25'],['5']
337,5 finished I/O → ready queue,io_to_ready,5,IO0,"['5', '11', '17', '10', '13', '24', '15', '12']","['18', '22', '23']",['25'],[None]
337,18 dispatched to IO0,dispatch_io,18,IO0,"['5', '11', '17', '10', '13', '24', '15', '12']","['22', '23']",['25'],['18']
340,25 finished CPU0 → wait queue,cpu_to_io,25,CPU0,"['5', '11', '17', '10', '13', '24', '15', '12']","['22', '23', '25']",[None],['18']
340,18 finished I/O → ready queue,io_to_ready,18,IO0,"['5', '18', '11', '17', '10', '13', '24', '15', '12']","['22', '23', '25']",[None],[None]
340,5 dispatched to CPU0,dispatch_cpu,5,CPU0,"['18', '11', '17', '10', '13', '24', '15', '12']","['22', '23', '25']",['5'],[None]
340,22 dispatched to IO0,dispatch_io,22,IO0,"['18', '11', '17', '10', '13', '24', '15', '12']","['23', '25']",['5'],['22']
343,5 finished CPU0 → ready queue,cpu_to_ready,5,CPU0,"['18', '5', '11', '17', '10', '13', '24', '15', '12']","['23', '25']",[None],['22']
343,22 finished I/O → ready queue,io_to_ready,22,IO0,"['22', '18', '5', '11', '17', '10', '13', '24', '15', '12']","['23', '25']",[None],[None]
343,22 dispatched to CPU0,dispatch_cpu,22,CPU0,"['18', '5', '11', '17', '10', '13', '24', '15', '12']","['23', '25']",['22'],[None]
343,23 dispatched to IO0,dispatch_io,23,IO0,"['18', '5', '11', '17', '10', '13', '24', '15', '12']",['25'],['22'],['23']
345,22 finished CPU0 → ready queue,cpu_to_ready,22,CPU0,"['22', '18', '5', '11', '17', '10', '13', '24', '15', '12']",['25'],[None],['23']
345,22 dispatched to CPU0,dispatch_cpu,22,CPU0,"['18', '5', '11', '17', '10', '13', '24', '15', '12']",['25'],['22'],['23']
347,22 finished all bursts,finished,22,CPU0,"['18', '5', '11', '17', '10', '13', '24', '15', '12']",['25'],[None],['23']
347,18 dispatched to CPU0,dispatch_cpu,18,CPU0,"['5', '11', '17', '10', '13', '24', '15', '12']",['25'],['18'],['23']
349,23 finished I/O → ready queue,io_to_ready,23,IO0,"['23', '5', '11', '17', '10', '13', '24', '15', '12']",['25'],['18'],[None]
349,25 dispatched to IO0,dispatch_io,25,IO0,"['23', '5', '11', '17', '10', '13', '24', '15', '12']",[],['18'],['25']
350,18 finished CPU0 → wait queue,cpu_to_io,18,CPU0,"['23', '5', '11', '17', '10', '13', '24', '15', '12']",['18'],[None],['25']
350,23 dispatched to CPU0,dispatch_cpu,23,CPU0,"['5', '11', '17', '10', '13', '24', '15', '12']",['18'],['23'],['25']
351,23 finished all bursts,finished,23,CPU0,"['5', '11', '17', '10', '13', '24', '15', '12']",['18'],[None],['25']
351,5 dispatched to CPU0,dispatch_cpu,5,CPU0,"['11', '17', '10', '13', '24', '15', '12']",['18'],['5'],['25']
353,25 finished I/O → ready queue,io_to_ready,25,IO0,"['25', '11', '17', '10', '13', '24', '15', '12']",['18'],['5'],[None]
353,5 preempted CPU0 → ready queue,cpu_to_ready,5,CPU0,"['25', '5', '11', '17', '10', '13', '24', '15', '12']",['18'],['5'],[None]
353,25 preempt ready queue → CPU0,ready_to_cpu,25,CPU0,"['5', '11', '17', '10', '13', '24', '15', '12']",['18'],['25'],[None]
353,18 dispatched to IO0,dispatch_io,18,IO0,"['5', '11', '17', '10', '13', '24', '15', '12']",[],['25'],['18']
354,25 finished all bursts,finished,25,CPU0,"['5', '11', '17', '10', '13', '24', '15', '12']",[],[None],['18']
354,5 dispatched to CPU0,dispatch_cpu,5,CPU0,"['11', '17', '10', '13', '24', '15', '12']",[],['5'],['18']
356,5 finished CPU0 → wait queue,cpu_to_io,5,CPU0,"['11', '17', '10', '13', '24', '15', '12']",['5'],[None],['18']
356,11 dispatched to CPU0,dispatch_cpu,11,CPU0,"['17', '10', '13', '24', '15', '12']",['5'],['11'],['18']
357,18 finished I/O → ready queue,io_to_ready,18,IO0,"['18', '17', '10', '13', '24', '15', '12']",['5'],['11'],[None]
357,5 dispatched to IO0,dispatch_io,5,IO0,"['18', '17', '10', '13', '24', '15', '12']",[],['11'],['5']
362,11 finished CPU0 → ready queue,cpu_to_ready,11,CPU0,"['11', '18', '17', '10', '13', '24', '15', '12']",[],[None],['5']
362,11 dispatched to CPU0,dispatch_cpu,11,CPU0,"['18', '17', '10', '13', '24', '15', '12']",[],['11'],['5']
363,5 finished I/O → ready queue,io_to_ready,5,IO0,"['5', '18', '17', '10', '13', '24', '15', '12']",[],['11'],[None]
363,11 preempted CPU0 → ready queue,cpu_to_ready,11,CPU0,"['5', '11', '18', '17', '10', '13', '24', '15', '12']",[],['11'],[None]
363,5 preempt ready queue → CPU0,ready_to_cpu,5,CPU0,"['11', '18', '17', '10', '13', '24', '15', '12']",[],['5'],[None]
365,5 finished all bursts,finished,5,CPU0,"['11', '18', '17', '10', '13', '24', '15', '12']",[],[None],[None]
365,11 dispatched to CPU0,dispatch_cpu,11,CPU0,"['18', '17', '10', '13', '24', '15', '12']",[],['11'],[None]
369,11 finished CPU0 → wait queue,cpu_to_io,11,CPU0,"['18', '17', '10', '13', '24', '15', '12']",['11'],[None],[None]
369,18 dispatched to CPU0,dispatch_cpu,18,CPU0,"['17', '10', '13', '24', '15', '12']",['11'],['18'],[None]
369,11 dispatched to IO0,dispatch_io,11,IO0,"['17', '10', '13', '24', '15', '12']",[],['18'],['11']
374,18 finished CPU0 → wait queue,cpu_to_io,18,CPU0,"['17', '10', '13', '24', '15', '12']",['18'],[None],['11']
374,17 dispatched to CPU0,dispatch_cpu,17,CPU0,"['10', '13', '24', '15', '12']",['18'],['17'],['11']
376,11 finished I/O → ready queue,io_to_ready,11,IO0,"['11', '10', '13', '24', '15', '12']",['18'],['17'],[None]
376,18 dispatched to IO0,dispatch_io,18,IO0,"['11', '10', '13', '24', '15', '12']",[],['17'],['18']
379,18 finished I/O → ready queue,io_to_ready,18,IO0,"['18', '11', '10', '13', '24', '15', '12']",[],['17'],[None]
380,17 finished CPU0 → wait queue,cpu_to_io,17,CPU0,"['18', '11', '10', '13', '24', '15', '12']",['17'],[None],[None]
380,18 dispatched to CPU0,dispatch_cpu,18,CPU0,"['11', '10', '13', '24', '15', '12']",['17'],['18'],[None]
380,17 dispatched to IO0,dispatch_io,17,IO0,"['11', '10', '13', '24', '15', '12']",[],['18'],['17']
382,18 finished all bursts,finished,18,CPU0,"['11', '10', '13', '24', '15', '12']",[],[None],['17']
382,11 dispatched to CPU0,dispatch_cpu,11,CPU0,"['10', '13', '24', '15', '12']",[],['11'],['17']
388,11 finished CPU0 → ready queue,cpu_to_ready,11,CPU0,"['11', '10', '13', '24', '15', '12']",[],[None],['17']
388,11 dispatched to CPU0,dispatch_cpu,11,CPU0,"['10', '13', '24', '15', '12']",[],['11'],['17']
392,11 finished CPU0 → ready queue,cpu_to_ready,11,CPU0,"['11', '10', '13', '24', '15', '12']",[],[None],['17']
392,11 dispatched to CPU0,dispatch_cpu,11,CPU0,"['10', '13', '24', '15', '12']",[],['11'],['17']
397,11 finished CPU0 → ready queue,cpu_to_ready,11,CPU0,"['10', '11', '13', '24', '15', '12']",[],[None],['17']
397,17 finished I/O → ready queue,io_to_ready,17,IO0,"['17', '10', '11', '13', '24', '15', '12']",[],[None],[None]
397,17 dispatched to CPU0,dispatch_cpu,17,CPU0,"['10', '11', '13', '24', '15', '12']",[],['17'],[None]
401,17 finished CPU0 → wait queue,cpu_to_io,17,CPU0,"['10', '11', '13', '24', '15', '12']",['17'],[None],[None]
401,10 dispatched to CPU0,dispatch_cpu,10,CPU0,"['11', '13', '24', '15', '12']",['17'],['10'],[None]
401,17 dispatched to IO0,dispatch_io,17,IO0,"['11', '13', '24', '15', '12']",[],['10'],['17']
408,10 finished CPU0 → ready queue,cpu_to_ready,10,CPU0,"['10', '11', '13', '24', '15', '12']",[],[None],['17']
408,10 dispatched to CPU0,dispatch_cpu,10,CPU0,"['11', '13', '24', '15', '12']",[],['10'],['17']
414,17 finished I/O → ready queue,io_to_ready,17,IO0,"['11', '13', '24', '15', '17', '12']",[],['10'],[None]
415,10 finished CPU0 → ready queue,cpu_to_ready,10,CPU0,"['10', '11', '13', '24', '15', '17', '12']",[],[None],[None]
415,10 dispatched to CPU0,dispatch_cpu,10,CPU0,"['11', '13', '24', '15', '17', '12']",[],['10'],[None]
418,10 finished CPU0 → ready queue,cpu_to_ready,10,CPU0,"['11', '10', '13', '24', '15', '17', '12']",[],[None],[None]
418,11 dispatched to CPU0,dispatch_cpu,11,CPU0,"['10', '13', '24', '15', '17', '12']",[],['11'],[None]
425,11 finished CPU0 → wait queue,cpu_to_io,11,CPU0,"['10', '13', '24', '15', '17', '12']",['11'],[None],[None]
425,10 dispatched to CPU0,dispatch_cpu,10,CPU0,"['13', '24', '15', '17', '12']",['11'],['10'],[None]
425,11 dispatched to IO0,dispatch_io,11,IO0,"['13', '24', '15', '17', '12']",[],['10'],['11']
433,10 finished CPU0 → ready queue,cpu_to_ready,10,CPU0,"['10', '13', '24', '15', '17', '12']",[],[None],['11']
433,10 dispatched to CPU0,dispatch_cpu,10,CPU0,"['13', '24', '15', '17', '12']",[],['10'],['11']
437,10 finished CPU0 → wait queue,cpu_to_io,10,CPU0,"['13', '24', '15', '17', '12']",['10'],[None],['11']
437,13 dispatched to CPU0,dispatch_cpu,13,CPU0,"['24', '15', '17', '12']",['10'],['13'],['11']
445,13 finished CPU0 → ready queue,cpu_to_ready,13,CPU0,"['13', '24', '15', '17', '12']",['10'],[None],['11']
445,13 dispatched to CPU0,dispatch_cpu,13,CPU0,"['24', '15', '17', '12']",['10'],['13'],['11']
451,11 finished I/O → ready queue,io_to_ready,11,IO0,"['11', '24', '15', '17', '12']",['10'],['13'],[None]
451,10 dispatched to IO0,dispatch_io,10,IO0,"['11', '24', '15', '17', '12']",[],['13'],['10']
452,13 finished CPU0 → ready queue,cpu_to_ready,13,CPU0,"['11', '13', '24', '15', '17', '12']",[],[None],['10']
452,11 dispatched to CPU0,dispatch_cpu,11,CPU0,"['13', '24', '15', '17', '12']",[],['11'],['10']
454,11 finished CPU0 → wait queue,cpu_to_io,11,CPU0,"['13', '24', '15', '17', '12']",['11'],[None],['10']
454,13 dispatched to CPU0,dispatch_cpu,13,CPU0,"['24', '15', '17', '12']",['11'],['13'],['10']
459,13 finished CPU0 → ready queue,cpu_to_ready,13,CPU0,"['13', '24', '15', '17', '12']",['11'],[None],['10']
459,13 dispatched to CPU0,dispatch_cpu,13,CPU0,"['24', '15', '17', '12']",['11'],['13'],['10']
463,13 finished CPU0 → ready queue,cpu_to_ready,13,CPU0,"['13', '24', '15', '17', '12']",['11'],[None],['10']
463,13 dispatched to CPU0,dispatch_cpu,13,CPU0,"['24', '15', '17', '12']",['11'],['13'],['10']
465,10 finished I/O → ready queue,io_to_ready,10,IO0,"['10', '24', '15', '17', '12']",['11'],['13'],[None]
465,11 dispatched to IO0,dispatch_io,11,IO0,"['10', '24', '15', '17', '12']",[],['13'],['11']
470,13 finished CPU0 → wait queue,cpu_to_io,13,CPU0,"['10', '24', '15', '17', '12']",['13'],[None],['11']
470,10 dispatched to CPU0,dispatch_cpu,10,CPU0,"['24', '15', '17', '12']",['13'],['10'],['11']
475,10 finished CPU0 → ready queue,cpu_to_ready,10,CPU0,"['10', '24', '15', '17', '12']",['13'],[None],['11']
475,10 dispatched to CPU0,dispatch_cpu,10,CPU0,"['24', '15', '17', '12']",['13'],['10'],['11']
479,10 finished all bursts,finished,10,CPU0,"['24', '15', '17', '12']",['13'],[None],['11']
479,24 dispatched to CPU0,dispatch_cpu,24,CPU0,"['15', '17', '12']",['13'],['24'],['11']
486,11 finished all bursts,finished,11,IO0,"['15', '17', '12']",['13'],['24'],[None]
486,13 dispatched to IO0,dispatch_io,13,IO0,"['15', '17', '12']",[],['24'],['13']
487,24 finished CPU0 → wait queue,cpu_to_io,24,CPU0,"['15', '17', '12']",['24'],[None],['13']
487,15 dispatched to CPU0,dispatch_cpu,15,CPU0,"['17', '12']",['24'],['15'],['13']
496,15 finished CPU0 → ready queue,cpu_to_ready,15,CPU0,"['15', '17', '12']",['24'],[None],['13']
496,15 dispatched to CPU0,dispatch_cpu,15,CPU0,"['17', '12']",['24'],['15'],['13']
503,15 finished CPU0 → wait queue,cpu_to_io,15,CPU0,"['17', '12']","['24', '15']",[None],['13']
503,17 dispatched to CPU0,dispatch_cpu,17,CPU0,['12'],"['24', '15']",['17'],['13']
506,13 finished I/O → ready queue,io_to_ready,13,IO0,"['13', '12']","['24', '15']",['17'],[None]
506,17 preempted CPU0 → ready queue,cpu_to_ready,17,CPU0,"['13', '17', '12']","['24', '15']",['17'],[None]
506,13 preempt ready queue → CPU0,ready_to_cpu,13,CPU0,"['17', '12']","['24', '15']",['13'],[None]
506,24 dispatched to IO0,dispatch_io,24,IO0,"['17', '12']",['15'],['13'],['24']
510,13 finished CPU0 → ready queue,cpu_to_ready,13,CPU0,"['17', '13', '12']",['15'],[None],['24']
510,17 dispatched to CPU0,dispatch_cpu,17,CPU0,"['13', '12']",['15'],['17'],['24']
516,17 finished CPU0 → ready queue,cpu_to_ready,17,CPU0,"['17', '13', '12']",['15'],[None],['24']
516,17 dispatched to CPU0,dispatch_cpu,17,CPU0,"['13', '12']",['15'],['17'],['24']
519,24 finished I/O → ready queue,io_to_ready,24,IO0,"['24', '13', '12']",['15'],['17'],[None]
519,15 dispatched to IO0,dispatch_io,15,IO0,"['24', '13', '12']",[],['17'],['15']
522,17 finished CPU0 → wait queue,cpu_to_io,17,CPU0,"['24', '13', '12']",['17'],[None],['15']
522,24 dispatched to CPU0,dispatch_cpu,24,CPU0,"['13', '12']",['17'],['24'],['15']
526,24 finished CPU0 → ready queue,cpu_to_ready,24,CPU0,"['24', '13', '12']",['17'],[None],['15']
526,24 dispatched to CPU0,dispatch_cpu,24,CPU0,"['13', '12']",['17'],['24'],['15']
536,24 finished CPU0 → wait queue,cpu_to_io,24,CPU0,"['13', '12']","['17', '24']",[None],['15']
536,13 dispatched to CPU0,dispatch_cpu,13,CPU0,['12'],"['17', '24']",['13'],['15']
537,15 finished I/O → ready queue,io_to_ready,15,IO0,"['15', '12']","['17', '24']",['13'],[None]
537,13 preempted CPU0 → ready queue,cpu_to_ready,13,CPU0,"['15', '13', '12']","['17', '24']",['13'],[None]
537,15 preempt ready queue → CPU0,ready_to_cpu,15,CPU0,"['13', '12']","['17', '24']",['15'],[None]
537,17 dispatched to IO0,dispatch_io,17,IO0,"['13', '12']",['24'],['15'],['17']
542,15 finished CPU0 → wait queue,cpu_to_io,15,CPU0,"['13', '12']","['24', '15']",[None],['17']
542,13 dispatched to CPU0,dispatch_cpu,13,CPU0,['12'],"['24', '15']",['13'],['17']
552,13 finished CPU0 → ready queue,cpu_to_ready,13,CPU0,"['13', '12']","['24', '15']",[None],['17']
552,13 dispatched to CPU0,dispatch_cpu,13,CPU0,['12'],"['24', '15']",['13'],['17']
557,17 finished I/O → ready queue,io_to_ready,17,IO0,"['17', '12']","['24', '15']",['13'],[None]
557,24 dispatched to IO0,dispatch_io,24,IO0,"['17', '12']",['15'],['13'],['24']
560,13 finished CPU0 → wait queue,cpu_to_io,13,CPU0,"['17', '12']","['15', '13']",[None],['24']
560,17 dispatched to CPU0,dispatch_cpu,17,CPU0,['12'],"['15', '13']",['17'],['24']
567,17 finished all bursts,finished,17,CPU0,['12'],"['15', '13']",[None],['24']
567,12 dispatched to CPU0,dispatch_cpu,12,CPU0,[],"['15', '13']",['12'],['24']
572,24 finished I/O → ready queue,io_to_ready,24,IO0,['24'],"['15', '13']",['12'],[None]
572,12 preempted CPU0 → ready queue,cpu_to_ready,12,CPU0,"['24', '12']","['15', '13']",['12'],[None]
572,24 preempt ready queue → CPU0,ready_to_cpu,24,CPU0,['12'],"['15', '13']",['24'],[None]
572,15 dispatched to IO0,dispatch_io,15,IO0,['12'],['13'],['24'],['15']
576,24 finished CPU0 → wait queue,cpu_to_io,24,CPU0,['12'],"['13', '24']",[None],['15']
576,12 dispatched to CPU0,dispatch_cpu,12,CPU0,[],"['13', '24']",['12'],['15']
582,15 finished I/O → ready queue,io_to_ready,15,IO0,['15'],"['13', '24']",['12'],[None]
582,13 dispatched to IO0,dispatch_io,13,IO0,['15'],['24'],['12'],['13']
586,12 finished CPU0 → wait queue,cpu_to_io,12,CPU0,['15'],"['24', '12']",[None],['13']
586,15 dispatched to CPU0,dispatch_cpu,15,CPU0,[],"['24', '12']",['15'],['13']
591,15 finished CPU0 → ready queue,cpu_to_ready,15,CPU0,['15'],"['24', '12']",[None],['13']
591,15 dispatched to CPU0,dispatch_cpu,15,CPU0,[],"['24', '12']",['15'],['13']
599,13 finished I/O → ready queue,io_to_ready,13,IO0,['13'],"['24', '12']",['15'],[None]
599,24 dispatched to IO0,dispatch_io,24,IO0,['13'],['12'],['15'],['24']
600,15 finished CPU0 → wait queue,cpu_to_io,15,CPU0,['13'],"['12', '15']",[None],['24']
600,13 dispatched to CPU0,dispatch_cpu,13,CPU0,[],"['12', '15']",['13'],['24']
607,13 finished all bursts,finished,13,CPU0,[],"['12', '15']",[None],['24']
617,24 finished I/O → ready queue,io_to_ready,24,IO0,['24'],"['12', '15']",[None],[None]
617,24 dispatched to CPU0,dispatch_cpu,24,CPU0,[],"['12', '15']",['24'],[None]
617,12 dispatched to IO0,dispatch_io,12,IO0,[],['15'],['24'],['12']
623,24 finished CPU0 → ready queue,cpu_to_ready,24,CPU0,['24'],['15'],[None],['12']
623,24 dispatched to CPU0,dispatch_cpu,24,CPU0,[],['15'],['24'],['12']
629,24 finished CPU0 → wait queue,cpu_to_io,24,CPU0,[],"['15', '24']",[None],['12']
645,12 finished I/O → ready queue,io_to_ready,12,IO0,['12'],"['15', '24']",[None],[None]
645,12 dispatched to CPU0,dispatch_cpu,12,CPU0,[],"['15', '24']",['12'],[None]
645,15 dispatched to IO0,dispatch_io,15,IO0,[],['24'],['12'],['15']
655,12 finished CPU0 → wait queue,cpu_to_io,12,CPU0,[],"['24', '12']",[None],['15']
665,15 finished I/O → ready queue,io_to_ready,15,IO0,['15'],"['24', '12']",[None],[None]
665,15 dispatched to CPU0,dispatch_cpu,15,CPU0,[],"['24', '12']",['15'],[None]
665,24 dispatched to IO0,dispatch_io,24,IO0,[],['12'],['15'],['24']
675,24 finished I/O → ready queue,io_to_ready,24,IO0,['24'],['12'],['15'],[None]
675,12 dispatched to IO0,dispatch_io,12,IO0,['24'],[],['15'],['12']
678,15 finished CPU0 → wait queue,cpu_to_io,15,CPU0,['24'],['15'],[None],['12']
678,24 dispatched to CPU0,dispatch_cpu,24,CPU0,[],['15'],['24'],['12']
681,24 finished CPU0 → ready queue,cpu_to_ready,24,CPU0,['24'],['15'],[None],['12']
681,24 dispatched to CPU0,dispatch_cpu,24,CPU0,[],['15'],['24'],['12']
682,24 finished all bursts,finished,24,CPU0,[],['15'],[None],['12']
685,12 finished I/O → ready queue,io_to_ready,12,IO0,['12'],['15'],[None],[None]
685,12 dispatched to CPU0,dispatch_cpu,12,CPU0,[],['15'],['12'],[None]
685,15 dispatched to IO0,dispatch_io,15,IO0,[],[],['12'],['15']
697,12 finished CPU0 → wait queue,cpu_to_io,12,CPU0,[],['12'],[None],['15']
702,15 finished I/O → ready queue,io_to_ready,15,IO0,['15'],['12'],[None],[None]
702,15 dispatched to CPU0,dispatch_cpu,15,CPU0,[],['12'],['15'],[None]
702,12 dispatched to IO0,dispatch_io,12,IO0,[],[],['15'],['12']
709,12 finished I/O → ready queue,io_to_ready,12,IO0,['12'],[],['15'],[None]
713,15 finished CPU0 → wait queue,cpu_to_io,15,CPU0,['12'],['15'],[None],[None]
713,12 dispatched to CPU0,dispatch_cpu,12,CPU0,[],['15'],['12'],[None]
713,15 dispatched to IO0,dispatch_io,15,IO0,[],[],['12'],['15']
722,12 finished CPU0 → ready queue,cpu_to_ready,12,CPU0,['12'],[],[None],['15']
722,12 dispatched to CPU0,dispatch_cpu,12,CPU0,[],[],['12'],['15']
730,15 finished I/O → ready queue,io_to_ready,15,IO0,['15'],[],['12'],[None]
735,12 finished CPU0 → wait queue,cpu_to_io,12,CPU0,['15'],['12'],[None],[None]
735,15 dispatched to CPU0,dispatch_cpu,15,CPU0,[],['12'],['15'],[None]
735,12 dispatched to IO0,dispatch_io,12,IO0,[],[],['15'],['12']
740,15 finished CPU0 → wait queue,cpu_to_io,15,CPU0,[],['15'],[None],['12']
754,12 finished I/O → ready queue,io_to_ready,12,IO0,['12'],['15'],[None],[None]
754,12 dispatched to CPU0,dispatch_cpu,12,CPU0,[],['15'],['12'],[None]
754,15 dispatched to IO0,dispatch_io,15,IO0,[],[],['12'],['15']
767,12 finished CPU0 → ready queue,cpu_to_ready,12,CPU0,['12'],[],[None],['15']
767,12 dispatched to CPU0,dispatch_cpu,12,CPU0,[],[],['12'],['15']
769,15 finished I/O → ready queue,io_to_ready,15,IO0,['15'],[],['12'],[None]
769,12 preempted CPU0 → ready queue,cpu_to_ready,12,CPU0,"['15', '12']",[],['12'],[None]
769,15 preempt ready queue → CPU0,ready_to_cpu,15,CPU0,['12'],[],['15'],[None]
770,15 finished CPU0 → wait queue,cpu_to_io,15,CPU0,['12'],['15'],[None],[None]
770,12 dispatched to CPU0,dispatch_cpu,12,CPU0,[],['15'],['12'],[None]
770,15 dispatched to IO0,dispatch_io,15,IO0,[],[],['12'],['15']
772,12 finished CPU0 → ready queue,cpu_to_ready,12,CPU0,['12'],[],[None],['15']
772,12 dispatched to CPU0,dispatch_cpu,12,CPU0,[],[],['12'],['15']
780,12 finished CPU0 → ready queue,cpu_to_ready,12,CPU0,['12'],[],[None],['15']
780,12 dispatched to CPU0,dispatch_cpu,12,CPU0,[],[],['12'],['15']
786,12 finished CPU0 → ready queue,cpu_to_ready,12,CPU0,['12'],[],[None],['15']
786,12 dispatched to CPU0,dispatch_cpu,12,CPU0,[],[],['12'],['15']
789,12 finished all bursts,finished,12,CPU0,[],[],[None],['15']
792,15 finished I/O → ready queue,io_to_ready,15,IO0,['15'],[],[None],[None]
792,15 dispatched to CPU0,dispatch_cpu,15,CPU0,[],[],['15'],[None]
795,15 finished CPU0 → wait queue,cpu_to_io,15,CPU0,[],['15'],[None],[None]
795,15 dispatched to IO0,dispatch_io,15,IO0,[],[],[None],['15']
822,15 finished all bursts,finished,15,IO0,[],[],[None],[None]
